>010501F9 00 00 40 00 
>020004C6 01 00 FF 00
>01050135 00 00 40 00
>010501F5 00 00 40 00 
>0105012D 00 00 40 00
>01050134 FF 00 40 00 
>010401FB 00 00 40 00
>01050130 00 00 80 00
>010003DE A1 1F 00 00
>01020001 FB 00 40 00
>01050132 00 00 40 00
>01050066 FF 00 80 00
>0105012E 00 00 40 00
>01050065 00 00 00 00
>020203E7 00 1F 00 00
>010003DC 00 00 00 00
>0100047B 00 00 00 00
>01040139 00 00 40 00
>0105012F 00 00 40 00
>010003DF 00 00 00 00
>01020002 00 00 00 00
>01050133 00 00 80 00
>02050002 00 00 00 00
>02050004 00 00 00 00
>030003E1 30 00 00 00
>02020300 00 00 00 00
>030003E3 00 00 00 00
>03010000 00 00 80 00
>030003E4 00 00 00 00
>03010068 00 00 80 00
>03020067 00 A8 80 00
>0300046A 00 00 00 00
>03040065 00 00 80 00
>02050001 00 00 00 00
>02050003 00 00 00 00
>0304012D 00 00 80 00
>0102000B 00 00 40 FF
>0304012E 00 00 00 00
>03010000 00 00 C7 00
>030003E5 00 00 07 00
>03010067 40 00 87 00
>03020068 00 00 87 00
>0304FF00 86 00 07 00
>03040066 00 00 87 00
>0105006E 00 00 40 00
>01010065 00 00 80 00
>030401F5 00 00 87 00
>0102000C 00 00 40 00
>0304012F 00 00 07 00
>03050067 00 00 80 00
>03050068 00 00 80 00
>0305006A 00 00 00 00
>0305006D 30 00 80 00
>0305012D 00 00 80 00
>0305012E 00 00 80 00
>0105006F 00 00 40 00
>01010066 00 00 40 00
>03050130 00 00 87 00
>03020066 00 02 80 00
>03050132 00 00 80 00
>030003E6 00 00 47 00
>03050133 30 00 87 00
>03050069 00 00 87 00
>0305006E FF 00 87 00
>030003E7 00 00 07 00
>0305012F 0C 00 87 00
>0305006C 00 00 80 00
>03010066 00 00 80 00
>03050134 00 00 C7 00
>03020065 FF 00 C7 00
>03050131 00 00 87 00
>030501F6 00 00 80 00
>030501F7 00 00 80 00
>03050259 00 00 80 00
>0305025B 30 00 80 00
>0305025D 30 00 80 00
>0305025A 00 00 C7 00
>03010065 00 00 C7 00
>030501F5 00 00 87 00
>030501F8 00 00 C7 00
>03050135 00 00 87 00
>0305025C 30 00 87 00
>0305025E 30 00 47 00